  313200000.0
  579260000.0
  865780000.0
  1155560000.0
  1473090000.0
  1769180000.0
  2086650000.0
  2325250000.0
  2628500000.0
  2921910000.0
  3183650000.0
  3485650000.0
  3812230000.0
  4149610000.0
  4470040000.0
  4739020000.0
  5004030000.0
  5333750000.0
  5669360000.0
  6000980000.0
  6287840000.0
  6562380000.0
  6825160000.0
  7145810000.0
  7369180000.0
  7600550000.0
  7858990000.0
  8160400000.0
  8445400000.0
  8758930000.0
  9027920000.0
  9342440000.0
  9679940000.0
  9999990000.0
